1120654
1120658
1120655
1120657
909229
909228
644014
462592
462583
462597
777810
777806
777859
777822
735873
735884
735902
735850
1072054
1072048
1072063
1072057
420568
692231
692218
692226
1054086
1054103
1054087
1054090
1028931
1028933
1028949
1028928
800221
800223
800227
800233
919528
919521
919511
402232
985101
779423
779420
779431
803091
803089
803086
1013627
1082136
1082132
1082138
1082133
824683
824699
824701
824690
842221
842215
842260
95520
1005780
1005770
1005768
1005783
657855
657870
657880
657853
1014921
1014928
1014926
1014916
785522
785520
785533
785525
973408
691804
691802
691794
1040378
1040376
1040385
1040370
843261
843258
843274
843268
701909
701902
701931
701916
769899
769891
769912
967840
967115
967132
1007783
967122
785988
834414
785981
785997
890657
890663
890651
890660
630046
630057
630040
630065
687436
687463
687453
687440
965416
965410
965407
965414
872307
872299
872340
872322
746928
746971
101870
746948
186381
928634
928641
928648
1032271
1032263
1032267
1032279
943715
943720
943732
943733
997815
680593
680580
1065222
714799
714802
714784
714808
611057
611063
611041
611044
675129
675175
675122
675151
911622
911618
911674
911614
974857
974860
974865
974869
722309
722307
722313
806304
810306
541956
810324
810321
991027
991025
991022
405906
794259
794266
794257
410891
782328
782302
782307
782310
707066
707074
707056
707060
702835
702843
702818
462467
