sgRNA
655489
655475
655497
655480
840227
840222
840218
840219
1013334
1013319
935387
1013326
973408
691804
691802
691794
752741
530756
752746
752748
753644
753684
753653
753642
55574
833685
833713
833691
1114122
1114123
1114120
1114126
894038
894056
894053
894048
652930
652920
652897
652910
746477
746475
746478
933032
1010970
1010959
1010958
1010957
556581
556557
761417
556591
938599
938592
938605
938609
742327
742329
799662
742335
732154
732144
732148
732156
899500
899481
899488
899511
1086757
1086754
1086759
1086761
601493
601495
601491
601486
823114
823126
823119
823113
258501
607812
607793
607782
683326
683329
683318
683310
198931
832594
198945
832584
742343
742333
742326
769850
1123267
1123266
1123269
1123268
931172
931175
931177
931179
141456
141414
141411
761316
112574
841509
841519
841529
520586
787408
814285
520562
673742
655700
655699
902438
902424
902407
902478
692011
692026
692030
692016
832386
832381
832392
832383
595607
595610
595617
595613
1089627
1089640
1089649
1089634
925319
925317
925318
925323
945617
945615
965510
965527
1054037
1054047
1054038
1054045
842221
842215
842260
95520
967695
967698
967704
967703
673004
672995
672984
672982
777810
777806
777859
777822
984041
1045564
984034
984038
601677
601678
601688
601686
776598
972022
385591
972020
914457
914444
914466
914448
927869
927902
927872
896844
896846
896848
896867
687436
687463
687453
687440
